start,end
2022-09-02 00:04:00,2022-09-03 23:58:00
2022-09-01 16:04:00,2022-09-03 15:59:00
2022-09-01 08:04:00,2022-09-03 07:59:00
